17098,12403,4810,17779,9170,11063,17833,6852,19566,15428,
4145,4921,14517,3511,8908,1937,15343,10354,13527,3863,
10752,4234,386,13069,10784,13823,19939,13200,12738,917,
11905,9836,13321,13068,3968,18843,483,1801,5695,50,13581,
6192,1323,4450,9704,10231,2739,1399,585,16267,1614,7690,
16853,2000,759,3989,12175,17050,13541,4913,14319,5447,
11102,7640,14867,15070,2836,15350,13223,8531,11752,3156,
14724,13076,7607,780,19659,10346,18531,16597,2965,146,
4287,16171,18498,1398,160,10674,14800,10054,11939,9119,
15501,3041,16760,6720,14463,15948,2070,4038
