44,60,16,29,46,10,96,81,56,66,99,
25,19,33,57,71,4,20,13,54,1,60,7,
99,17,94,54,73,28,73,26,72,33,42,
1,32,5,50,13,13,16,64,38,35,97,
95,7,54,15,20,60,69,32,68,20,49,
62,27,22,90,0,0,14,34,95,67,18,0,
17,31,65,34,47,3,21,44,98,80,50,
65,0,11,86,84,79,59,33,93,86,56,
83,38,8,49,24,3,16,42,55,34,25,20,
68,72,23,89,69,73,70,19,91,22,30,
77,7,61,36,92,54,74,48,37,65,9,38,
89,12,55,84,68,89,9,40,9,82,64,98,
51,89,20,22,80,95,53,10,54,14,98,46,
69,25,47,58,90,56,97,79,68,4,63,88,93,
73,29,54,7,45,52,10,86,25,32,67,72,37,
29,26,52,27,72,73,52,19,83,42,75,32,74,
96,88,37,84,81,62,65,35,69,62,40,31,49,
17,64,16,89,1,97,15,5,24,39,30,29,59,66,
23,86,50,97,82,39,87,19,72,49,84,60,71,47,
0,2,48,69,18,64,58,72,13,25,77,37,64,60,18,
75,78,42,62,28,91,44,67,78,15,40,80,52,0,51,
51,52,5,99,73,24,15,83,48,28,8,77,17,24,37,
36,0,15,30,62,44,21,58,63,52,74,3,32,78,55,
83,29,59,88,28,32,64,43,15,12,71,23,90,88,0,
79,76,0,95,6,14,91,80,72,6,32,98,10,64,76,17,
99,57,77,39,85,9,56,80,25,20,3,0,10,44,52,42,
20,52,89,79,18,32,11,43,38,43,41,0,59,70,18,10,
79,95,1,17,56,57,97,33,78,1,86,40,45,38,34,17,
43,23,96,61,55,7,4,94,2,98,94,13,20,64,23,99,
11,77,16,20,34,66,53,64,67,91,57,64,30,91,81,
25,67,30,86,74,37,43,68,92,41,15,5,13,31,81,
64,43,58,33,63,44,99,68,61,18,60,70,82,42,61,
15,67,80,97,53,55,87,48,75,79,89,90,36,54,74,
17,19,17,27,52,80,24,51,48,85,69,60,55,3,2,
68,70,69,49,68,75,56,55,23,31,86,65,74,22,19,
48,92,38,65,19,90,97,95,93,97,80,14,58,87,
69,12,56,92,82,57,60,57,13,67,32,96,53,97,
70,27,17,18,19,7,35,91,50,84,86,43,82,19,
58,92,6,79,4,14,71,38,23,83,47,36,50,80,
85,55,77,55,83,46,26,2,6,13,93,56,98,32,
99,80,51,9,24,57,41,28,72,12,67,47,96,14,
36,98,46,21,54,76,28,89,74,54,43,80,68,37,
36,66,69,36,98,72,97,22,29,38,2,53,3,21,1,
99,88,37,49,34,10,3,10,38,44,85,93,88,65,
13,77,2,31,46,90,29,70,39,3,99,78,5,5,81,
79,58,32,67,95,81,1,57,37,64,95,81,49,88,
69,66,53,46,20,84,44,62,13,14,2,68,66,32,
26,71,65,5,29,97,72,76,30,25,33,67,89,80,1,
90,21,22,9,74,69,29,59,65,92,24,32,46,93,98,78,
71,21,95,76,2,92,0,30,74,25,15,94,67,95,95,57,
16,17,18,91,38,48,2,4,92,26,36,90,71,86,68,42,
7,15,70,61,7,22,91,33,0,6,27,67,1,22,76,70,40,
95,13,78,95,15,34,87,41,70,77,65,8,97,59,67,12,
82,28,71,4,19,4,4,77,32,23,31,6,52,1,98,47,14,
29,94,81,63,33,74,86,62,39,94,11,51,62,23,33,42,
46,89,14,2,46,91,86,21,74,93,73,27,43,72,93,72,
66,74,36,99,49,74,61,40,68,72,91,82,47,76,25,45,
18,39,0,64,82,86,85,9,31,11,36,75,83,30,99,2,56,
35,1,57,9,15,98,30,39,41,12,39,70,89,84,88,80,84,
4,15,23,41,24,6,52,60,81,88,42,81,90,99,68,43,56,
30,58,6,60,50,0,24,41,22,66,77,10,46,14,66,13,37,
7,37,43,60,98,77,48,92,10,38,43,78,33,52,60,44,58,
72,94,10,49,35,32,15,12,94,13,26,60,27,15,68,64,11,
28,14,88,28,7,98,18,50,28,51,54,89,95,13,13,41,75,
62,28,8,77,93,2,91,71,63,70,87,31,86,98,11,1,38,91,
60,36,61,62,16,12,17,57,60,82,71,1,57,33,30,17,63,23,
20,6,94,35,76,33,66,62,83,29,15,21,72,27,57,33,42,26,
45,11,83,57,93,6,59,2,40,41,20,55,16,92,61,10,27,37,
96,45,51,79,

