4479,10175,7195,15555,3251,11154,16335,19262,17852,11219,
15859,818,11365,16498,13341,6215,17896,9853,13241,12696,
19907,5181,18168,11760,4574,11280,18480,15390,7228,551,19428,
11707,10726,2975,3615,10329,14129,19950,9591,11982,7521,1803,
9152,15238,18301,2493,1454,12550,12346,14695,1598,8606,16228,
19766,366,17155,11046,18847,12545,18274,19398,8325,6334,6476,
11301,9949,13157,1782,6251,2748,13764,13773,903,19268,9011,19205,
18113,6817,11755,6812,17865,13353,15418,14093,13120,15784,11248,
4166,14631,145,18793,10381,8471,5127,13209,16124,11428,6366,17906,
17679,5467,8023,7804,6370,7291,16816,5575,1757,19985,13682,8569,
17850,7036,3987,11944,16508,16123,19544,17026,7107,16042,15819,17488,
865,17298,10698,16989,8726,13416,14895,2758,15235,2918,10562,1606,6562,
3730,3533,8319,68,17216,13240,17918,604,17227,9862,13464,9702,5759,10490,
16809,1801,2662,14298,2666,19960,1348,19655,5039,11116,10902,4149,6352,
10173,11063,4310,16735,11146,7843,1406,11214,1411,14646,9132,18367,8225,
15347,11831,17927,1106,2322,14737,19259,4984,5387,18277,1296,3087,14284,
2687,14203,5186,6836,555,15359,14252,4865,8446,5398,9061,9852,12964,6824,
4498,2096,5192,12723,17443,17023,7003,14901,15697,1740,10512,17033,3479,
8789,14682,6566,3073,17369,17121,4612,558,17677,16323,14810,18894,4770,
16560,7955,10974,9524,14780,11825,7972,16324,900,1768,9699,7903,16669,5397,
5995,3534,18782,5826,12323,13464,12392,11749,7186,9514,16361,4096,3543,
12684,15258,2437,13806,11818,6745,1133,17694,17877,12958,5666,14201,
10210,3786,3900,18114,16808,5649,461,342,4432,6288,9017,14248,15032,
766,1434,898,17127,5530,4441,6164,788,3231,16322,8958,6328,17455,3004,
4205,6765,5023,18406,16976,8809,18658,11442,5617,4308,8255,2311,5092,
10895,11329,15692,5928,12095,17127,6826,5575,19009,7620,8091,16150,7203,
4413,5108,13531,18221,4465,17736,1338,9488,12494,18314,18297,7504,6108,267,
8164,14364,2578,13256,5259,13907,8949,7539,2355,2428,10718,4282,17789,18338,
12373,13939,5541,13138,15400,15424,7711,19865,13160,9050,9353,2006,3716,4002,
9510,9825,4269,17675,541,3200,7283,2152,13459,16232,9692,12166,15012,410,16448,
12802,15100,8821,3093,16993,18312,18493,12417,6023,14710,1929,15073,415,3935,
15142,4418,13445,4967,5039,7472,1860,4591,14756,4012,14403,7340,10056,6569,2353,
10466,3018,11507,1918,8191,14600,15263,6503,9446,7680,12527,4156,5961,3952,4572,
9896,19094,5342,19694,413,6733,7166,2273,7677,18274,2638,2080,5615,12694,8649,7968,
19513,11667,19475,17783,19859,10427,13047,6362,19873,17079,15241,4030,3041,15546,
4954,9289,14640,6648,5335,11406,13381,8854,10031,1058,7128,12669,3138,12743,5364,
8140,17063,1229,19807,12890,19012,16018,3318,12059,18733,3191,9139,13974,3573,8532,
9520,4879,17821,513,11527,19509,11919,1261,8363,1950,18671,15491,10972,18162,4587,
12688,6302,1650