291,18963,12856,8345,1236,330,14596,66,8053,16402,
87,14714,14833,3838,11814,15300,18200,8293,9082,10811,
7098,1949,91,17059,11142,19371,19229,11644,853,17375,
5376,1144,12690,14584,5841,13927,11266,438,10345,19320,
13192,6784,14034,4378,10622,5848,19678,5174,10494,5112,
15986,13944,3413,16077,11003,14555,15449,10232,2552,16302,
3959,4280,13798,16650,18864,15992,6929,10131,16430,13626,
9451,5974,410,19837,10352,7385,2038,6382,12559,12532,11494,
8545,6476,11260,975,17479,5815,12776,4064,4719,9078,8023,8999,
19228,1025,7864,15220,4306,14347,8002,17932,150,10329,14695,
19987,17033,18432,18377,3416,10991,10909,11262,15889,13737,2522,
13216,11217,4690,5992,11633,9409,11422,19656,18409,10650,682,
2625,2223,1340,16972,6577,19273,13474,16906,10320,9813,13940,
8752,8191,13708,16095,15452,4970,8336,9190,7493,1552,16759,8535,
7544,8392,17944,18966,4400,16353,5969,1434,15330,4544,2775,8654,
11121,2048,2128,4380,8720,11942,14672,17472,16485,8380,13567,11937,
13350,1904,17479,17195,19808,14238,5730,3705,18982,27,2671,3383,
16380,4992,4817,11711,5888,7592,16717,17010,5992,18846,17742,14712,
7140,12414,8536,3625,794,2104,11914,10496,360,9394,4044,16520,3632,
6126,225,18967,6153,19249,2350,18886,4241,3519,6949,10130,7464,3666,
3492,9808,2512,1234,873,6004,10000,9409,9629,10794,7865,1544,17642,
8225,7290,18038,1098,7274,4165,1323,6241,6670,572,4943,5556,1166,8463,
8857,7648,12279,12524,11140,2087,11388,8726,2960,17393,18726,8722,3374,
5872,16587,4918,19866,1165,8560,17905,2263,15835,18422,3586,2076,5092,
511,7020,7001,1677,11835,15858,9325,4114,4734,16817,2553,16123,1895,1866,
9868,621,10588,13242,6493,3527,14513,2711,1044,3073,616,3307,18908,19038,
3246,17337,483,3757,4357,7484,1786,12544,19694,7463,13010,4429,4280,11915,
16904,6175,13781,6772,3148,721,16366,5993,601,10879,8704,1645,10305,9321,
1305,9213,4711,4551,6550,5194,4660,7259,9030,2798,16155,5077,10261,5517,5858,
14541,17433,19114,17068,7566,2238,16568,8288,18604,2561,5241,5836,11265,6886,
16141,16938,8191,1706,1650,9094,4609,3196,13754,8220,8579,16552,4376,13656,3165,
9893,15866,14058,3678,14980,11126,11245,17218,7694,15885,12174,6607,1126,18010,
17873,8012,14151,14811,12556,15858,12813,1650,467,12362,11757,5039,941,4661,9415,
10949,7827,15661,3167,1885,19339,18147,9364,10584,11717,13410,6469,243,18,7595,
18254,14243,11960,8757,5406,868,967,18220,2518,17786,10582,10627,2826,7875,11641,
12241,15176,19468,4254,18343,17705,3594,12842,3421,10530,4559,13184,17000,4802,13202,
947,19408,3797,9259,8166,9203,10127,9133,7423,8998,6920,14357,19625,6098,18584,11266,
18339,13760,7086,18946,12103,1144,2540,4945,917,13070,5856,14101,6422,10659,3655,3722,
10067,7452,12981,14585,16656,3109,71,431,12107,3343,14789,8084,9441,13373,15703,4132,
7134,2789,3078,15589,285,1970,535,1203,15041,6391,11656,17815,13402,15312,1537,19822,
2764,14519,14407,15772,13980,14478,16204,6087,14173,7345,14171,3614,17070,9874,7747,
556,9016,7177,16146,5653,9148,16681,3208,541,19424,14865,18356,12827,6529,16246,9001,
5645,7117,3408,1418,1097,14239,17622,3536,4764,1319,14059,8379,18389,286,12478,18946,
9302,19655,15092,11307,8803,8125,14516,9344,3901,5733,4053,13080,12262,299,2081,17907,
7416,1842,15677,8513,12433,13299,12049,17197,10970,2460,5576,9360,2746,14406,8306,8400,
14062,19750,19708,2865,7875,10576,8562,8128,16309,12615,1209,4923,12914,3290,19182,330,
1484,14860,5195,13917,4511,13596,11115,15482,16056,13043,4842,18803,7450,9500,3555,1512,
9250,3263,729,13477,13839,9291,1605,6500,1906,19166,7775,11172,18809,6958,11502,293,1818,
13049,14211,2681,6645,1678,18163,19054,11073,19357,14209,18523,8857,17764,16387,14459,
1028,13469,7936,11219,2760,5894,14072,1019,5060,1847,12191,221,5157,46,515,3327,13095,
11078,6009,16093,12756,524,11499,3829,16234,5708,18705,5091,19824,11444,15903,852,4913,
191,8424,4026,6085,18848,5045,7498,17047,13588,7719,2205,13634,4586,1884,3082,15664,4245,
15527,4772,4770,7026,4954,1004,9086,3659,2447,8910,11455,14702,6115,16369,14894,10891,395,
979,9739,1792,4829,3138,15380,8901,1695,5367,13487,3580,8449,9152,7825,328,10276,8947,7354,
15230,6303,16440,15241,5103,1702,6697,19805,7817,19418,14699,18708,19813,12031,4799,1605,
13212,7938,13337,2113,9633,18704,11953,9565,7153,17457,13743,7481,7733,19042,11187,19316,
5346,3979,10909,6801,5682,17606,2958,9851,13376,17658,8560,13189,6041,9711,11146,15605,
17649,4484,14071,3635,19540,6024,9552,6694,3481,3295,10527,7566,2338,18067,6882,4036,2046,
17792,10837,4080,11750,13795,13932,5127,7805,18844,14668,10198,8555,2167,2156,2557,3003,
16227,6192,2543,2251,15744,9237,2084,15392,16117,9650,14082,14184,16533,18118,12582,10677,
5307,16663,2427,15454,6947,3906,19612,5791,14927,9810,14346,17094,11966,16903,97,4545,19447,
2640,6796,11544,8230,8880,3288,699,14883,17370,11235,7768,15488,3817,18445,17147,16832,17224,
12601,3779,17483,12213,5922,12410,18376,269,9504,6694,13524,5953,11240,9324,4945,14388,868,
13175,3269,4156,10226,14504,17878,1461,2272,13366,1631,717,10513,18463,14293,19466,18595,11776,
11680,4517,4186,10056,1138,10042,13102,11015,12347,4342,339,17293,18731,17559,6820,18352,18067,
17047,12856,15945,18508,15128,9311,16491,12197,16176,14955,6490,15642,9902,14619,3674,10771,15157,
10082,8262,1552,3185,19277,13899,7527,19616,11192,2610,17175,18013,962,15242,11412,10170,11187,9920,
1650,16850,6412,13847,9378,17719,16690,1372,3973,7661,5047,14744,2818,15129,3006,4370,18314,18635,
18270,2194,14603,5814,4804,8130,179,2119,19724,11591,12289,7263,1512,10292,4113,4276,4139,9843,
18347,17181,11216,2320,1194,16263,13416,4013,7744,12775,4735,2411,11410,19357,957,2366,5172,
2113,10496,5351,4232,10221,16943,12874,17484,14807,3166,17950,15435,3657,7793,13782,17191,19009,
12454,18385,11624,5870,18750,15721,14997,3486,18132,2760,2843,15441,5126,4367,17554,15622,6071,
1787,5843,3014,11013,19680,14173,14179,17630,9608,14188,5423,3390,11379,785,15844,6117,12409,
18066,4867,4482,9416,4705,2614,12176,7549,18055,13654,8268,11962,9276,14339,13749,11472,13705,
1114,7504,7878,11645,5134,17486,5833,6909,17228,13565,7694,9424,19682,16456,3843,901,938,13259,
5607,19905,5435,13156,14312,15441,17776,6274,1069,12116,16375,12541,2173,17489,16397,10052,5486,
1531,3890,11320,8441,1119,1237,12487,6895,17271,5295,10738,18172,6234,3997,3779,2491,5784,13287,
16803,1225,11064,19430,2295,19532,15805,11188,1705,9647,7586,8109,15133,5469,12000,2805,10262,
9471,4042,2750,12718,1313,4397,3457,19486,10631,7454,3265,13122,9591,16553,6278,7168,3969,5708,
9463,3501,17865,17004,1558,7512,942,9668,18998,2763,18020,1803,13026,3843,2198,12128,16561,19863,
16525,18,15701,3509,3825,15319,12983,13416,11872,19261,584,12193,1321,6400,15694,19187,
19756,13604,6699,698,3272,2049,19813,1292,3853,12839,1487,2403,4967,18049,2266,17845,
18067,17968,1354,18244,13287,14337,11660,1511,9951,8597,10056,11272,11349,5750,10459,
7457,19354,13511,4507,18979,15560,4320,16623,15765,17160,18111,18168,18479,16160,435,
16324,10579,14755,14030,8824,4394,4720,16836,2257,14671,5433,12313,5943,13134,14415,
12755,591,13769,6266,5098,9100,1826,9419,5724,17592,2931,187,12112,17762,12699,8899,
14087,3278,3654,4469,12102,8048,9189,5291,6657,3860,7076,18970,6156,211,13385,18911,
17154,3507,5177,18605,12607,3355,4376,14683,17299,7307,11222,9412,5069,3921,18311,
15508,7200,18318,16330,15654,2718,5519,17297,9376,5732,4374,8346,8240,937,1732,7151,
18091,5239,8680,16696,14198,8387,1072,8882,5687,4731,104,15099,6153,378,9762,1661,
3930,8080,17991,15936,10799,19863,13234,175,1947,17608,8521,10187,18545,6605,17338,
12988,11844,2370,6037,6043,10757,3461,11277,12796,8193,7733,4247,14346,4463,14010,
12359,8393,18442,6703,4330,9241,2918,13916,5768,4865,11524,10642,15052,6421,17247,
8742,15761,5444,7464,1798,7839,18221,5260,19116,7370,13453,3201,11617,4151,7665,
1979,12862,12410,422,15917,13092,6015,18835,7008,11784,3700,14884,2426,15104,1305,
19673,3846,17067,5117,11310,15217,9308,5884,477,8424,13254,10282,7978,4871,10785,
11995,6851,3648,4405,3625,19565,13850,9640,14753,858,1424,14805,15743,202,9910,
13400,16228,10108,6819,17697,1419,2037,7006,3655,2514,11782,16909,12797,19760,
18132,19934,8107,1335,3582,8865,4960,19500,2715,14601,10605,3573,12377,5410,
15668,12580,15320,9069,5160,5429,15888,2857,3200,17925,9863,6855,16792,1646,
116,5941,17758,18248,5875,5866,15936,5810,14731,896,1662,17446,11849,12267,17371,
579,17677,13040,9511,9350,2109,14671,11131,14349,17528,14331,8627,7392,17538,1771,
9038,14006,7712,6796,12254,9939,9014,4542,12101,3745,1791,13763,17543,13640,6030,
11267,10571,60,4307,82,5762,2768,14753,16893,17117,12282,7576,2096,16026,5114,3867,
5064,19120,7931,8212,7726,17871,17227,8621,6324,17324,10412,88,11220,404,2470,2487,
10976,2530,6794,11058,4644,5914,5812,1537,3031,14446,9113,1480,10472,10579,5347,11888,
6051,9631,16452,10130,3854,10031,18751,10178,3708,9163,10266,14928,9567,9089,17415,
543,7971,561,7954,12616,6475,10118,14153,5858,916,19619,7338,11388,10198,9038,19628,
16250,18669,12432,2732,2523,2464,1483,12701,6172,10646,19320,17452,16565,8409,11219,
13461,16380,11780,1415,8996,14607,7885,19502,16817,8801,19121,508,16541,9319,9546,
16169,1921,4567,8601,4653,3442,7417,2488,12495,9941,13134,11815,3745,6052,16576,14964,
19513,12957,6744,17280,18305,17703,1517,17807,14521,10318,16928,15029,6859,2600,927,
19380,873,5494,4333,5527,5288,11751,8015,17783,18044,17502,9599,1790,19906,6175,16754,
15771,15484,19851,9403,13790,13906,10920,11597,8427,1238,4878,19808,4449,7478,735,
3829,8351,2581,8162,10230,7869,16265,14598,5653,10662,8452,11604,12452,8358,14131,
5558,4129,9616,1761,13532,19758,15668,4452,7707,447,2042,12585,256,6491,16415,991,
6672,1119,19925,14834,7701,4146,7452,2299,6151,14466,7103,17755,6918,15461,8239,8828,
15942,17855,10590,9474,17613,2610,10278,5320,3057,12320,14258,3313,15163,7025,657,1835,
8144,16934,13022,12198,1080,16826,10849,3584,11292,17953,1339,14562,13414,9578,3390,9357,
3785,10332,15183,17750,9294,1814,19423,12352,14134,13681,12017,5650,706,9026,3837,5203,5960,
16859,13753,3393,13685,4602,6977,1329,2555,4668,15891,12322,14247,15634,18031,14384,2318,
13214,12135,11613,15028,11558,317,5515,1591,8686,11165,18649,17713,15002,3852,3673,8214,
17605,3418,18251,18560,10395,19581,1115,15064,11824,13437,5663,7458,11468,16399,6129,
1035,8534,17742,12415,16444,14411,17930,18035,3097,5447,16685,810,16802,16889,836,
1368,10847,4254,19619,9407,11002,15552,6874,2418,7377,16664,4433,14835,4484,832,
17316,5519,5719,15058,17935,2163,5821,12217,199,8919,14017,13236,6081,10819,
10125,6917,12187,972,7524,11806,6731,18526,3711,13606,17296,11088,10270,1729,
2275,14754,2561,19592,274,8280,11002,14561,6796,16824,3130,3347,5743,17147,
16583,11824,7966,6708,15094,16505,4033,2618,4664,10764,17496,8375,722,11144,
19463,10992,12873,1738,5747,11786,17682,2373,16419,8685,13286,3215,5509,16416,
6562,11252,13564,3145,19428,17882,6205,10874,14388,6590,9844,15404,13707,3692,
3779,14429,14836,3242,1774,7709,1332,3873,19496,19015,6246,15915,7700,15884,
15482,9561,12300,2044,17165,2216,1541,16593,99,4098,3820,10839,10689,13664,
6243,748,17357,6374,15177,12193,5968,13303,16255,7300,17176,15751,2667,19774,
8018,6719,15658,19852,16280,4311,18248,13445,6527,19789,6391,2978,239,10211,
10169,7280,227,12764,8028,17584,19138,19558,6130,5106,12861,2385,8759,10038,
14488,7778,9812,18858,14498,1823,18710,7130,6134,16958,576,12661,16747,3319,
11992,13338,9882,2161,619,10109,14926,8647,4046,10416,4557,10176,15523,17419,
8913,634,3809,3401,8412,9973,2259,2910,11796,969,10041,17930,17927,6969,6944,
11026,6640,18936,4364,16522,17449,1335,2983,12375,9983,3381,19144,14540,13557,
11019,8311,2470,11653,8472,2223,65,18446,4482,19328,10242,5451,9369,8173,19730,
12690,15117,7108,19330,14053,7825,12204,7854,9160,11539,16582,15495,14921,15726,
6388,8478,6745,14699,7301,18398,3172,5876,18463,17970,10359,17791,8212,12162,3512,
16385,8245,12554,7854,15353,11884,18259,3178,440,6114,12339,11980,2696,4186,6901,
14774,10574,11731,1519,1626,15384,19917,4798,1261,14732,2768,7972,8876,7332,134,
12388,70,8379,1295,7924,3733,13179,2536,3263,9972,5002,11954,1952,7698,16141,8853,
2472,6715,16936,343,8341,12321,260,9491,9934,11344,8611,17906,220,15944,18040,8961,
16014,2772,10256,290,2857,19787,19178,6120,9759,4180,14427,8063,11878,10568,13268,
10702,17283,10205,11045,1977,18878,7657,7820,8812,15354,16432,6718,15574,12376,4758,
887,4742,7530,7495,1384,6739,3635,563,12860,9746,4743,7287,17810,12974,14207,7430,28,
7842,17635,11074,9819,16513,15083,17640,5325,10437,10424,8395,2364,19152,13154,19603,3894,
17036,3451,1630,3776,7086,2193,12988,13184,3289,16627,10994,16263,10834,14777,16291,
15028,12412,3717,1200,5278,15153,15192,6955,5590,5616,15351,4306,4768,4857,262,5014,
1893,3713,2996,2021,7151,5190,11361,335,8479,7988,7682,1094,15174,2459,17385,6555,
11223,17455,7755,16501,12608,2947,19809,14550,4915,15160,15209,9683,16369,15471,11049,
14614,15536,14045,16636,2687,15587,4349,19374,418,8690,7056,1512,216,5867,15250,6771,
17091,12705,14526,9944,1665,13825,9753,16215,18740,1265,11424,4775,17634,3247,15824,8601,
18783,6222,5237,17822,18161,5938,17197,18580,14628,605,92,14845,6473,11694,1616,3564,751,
12495,13508,2416,6320,19614,14984,1413,17231,2760,6188,11218,6008,18365,19819,1143,4587,
1408,18966,19100,7346,12515,17680,1975,13120,14125,13172,19593,5819,14788,19509,2923,
3635,13018,5339,6308,8984,323,7721,2567,3084,13909,13785,5444,12274,9956,6587,13213,
11364,1905,12314,15063,14420,6346,13390,7541,471,6562,3486,2643,17702,2996,5566,1338,
12366,7257,7646,17702,7581,15367,269,7017,5628,10407,12461,14255,16715,15400,7468,4432,
17306,16134,19495,8078,2481,12885,11971,19304,19447,15458,1947,13501,14806,3865,14839,
7172,11123,2485,4874,15056,14204,1495,2073,19833,8254,10886,14088,4970,6286,17908,9402,
3592,10395,5249,8023,12876,18134,19994,8532,13933,11804,6832,7434,6610,10697,18626,13782,
18172,17463,15008,13228,11668,12856,11653,7853,1110,2539,1941,2432,8826,16201,11834,8770,
6596,13435,16793,15824,11569,13140,4357,1854,4944,11189,5641,11555,18238,619,1689,16411,
18082,13050,5991,9750,5906,17645,13955,3368,184,15896,2153,5362,12098,13987,14133,18694,
3775,7278,14519,11696,418,15228,13551,5363,2769,15544,13270,1007,16163,11311,13770,14245,
4361,16114,348,6619,13759,14303,6340,10295,6552,8493,15658,15002,18832,6143,10048,2607,
9773,919,14304,10192,16147,4207,11907,18916,19751,1529,16276,12266,12840,6398,2863,17202,
2512,19563,173,12623,10219,6513,2919,16771,15006,14929,11773,13839,17424,18173,16446,7197,
19093,7102,13741,11592,11309,2000,6861,7412,3529,3137,19678,16370,5887,2542,9924,8400,
18457,10097,17375,8676,16611,16646,5447,7969,11575,13572,1808,5351,11746,14607,12549,
7191,1709,2642,18783,13019,4643,1996,431,8172,5133,16462,894,7373,15356,10818,15773,
13813,17268,9500,2490,13879,6147,4289,18200,14074,14214,9,19426,2312,14616,8327,9503,
12677,10969,4638,5696,11964,6635,2480,137,8120,15294,17383,15493,10650,4554,7618,4463,
1822,13471,3305,12053,19618,3947,10253,13692,18161,10262,9470,473,1230,17797,6328,
10260,5119,7318,15956,17083,13953,14788,13572,18426,10082,7308,10271,17084,11862,
14242,1548,13684,7713,1205,5737,3683,5152,12342,13727,3313,18957,3198,138,16539,
17347,6466,6799,18818,13785,19108,12254,4090,13896,2178,18868,331,9486,9140,17415,
1348,19734,15315,11384,3799,16521,13473,7482,18025,5816,1209,17691,4773,759,
17829,1312,14459,648,8112,13277,14433,7220,5531,14875,17468,7710,13744,17799,
17196,2884,11567,14897,18970,6882,6281,2769,19755,19755,6603,17781,5571,4164,
11824,6696,4924,9653,4360,19383,10301,12472,9012,1086,16044,10896,15962,13513,
18606,9706,7664,12154,8942,15583,3403,7912,2466,9685,7033,18573,5792,13636,12706,
7715,17800,4530,14411,19076,14184,18771,14811,837,7596,3824,1924,19992,11072,
17886,13505,9678,7592,17522,18184,12886,9457,17940,798,8275,3977,4183,6849,9769,
17819,19555,17484,11971,438,8247,7400,10974,3370,18563,11811,10966,2387,13735,
10959,9811,7973,816,15841,11917,14690,14026,4803,4148,8318,1953,12423,12295,6136,
15624,2064,307,11532,15900,8631,11970,4147,16031,2944,7517,14594,14755,14836,
13334,4843,2147,19497,9168,19315,15339,1086,10358,5717,2241,14506,14035,547,3281,
6330,6683,18906,4746,3343,10438,646,8326,18760,1145,4357,1704,5014,15303,12811,
19850,4989,14006,18349,4487,3175,17665,19826,613,4375,5543,19206,15233,15930,
19753,18514,2260,2789,13772,7006,6132,562,4004,14458,19322,5149,15167,17378,
10163,6822,6542,6366,8164,548,4715,9003,75,18732,8829,17040,19459,10724,16247,
14692,3006,12352,13207,5266,15141,3331,8624,17625,3894,12628,8435,19568,14129,
19954,13299,4292,6777,19841,7010,11293,16741,8078,296,13169,3162,5477,10209,2622,
12553,2808,17314,15559,15161,10521,17177,6654,13853,5801,4280,14099,14781,12715,
10019,8910,12670,3318,9554,15799,3159,16565,7092,16253,4643,3740,9422,7805,9217,
19631,10427,1770,2440,4094,17329,13953,14615,14506,607,4820,16659,1239,15271,7792,
10307,5291,16702,2977,8609,2608,15128,8121,15525,18572,4374,16520,2312,13796,678,
11529,9779,7457,9651,8571,11551,6980,2524,2519,17838,19484,3691,10849,723,18963,
18641,11030,606,11695,10359,5567,14303,1839,13688,6181,411,14414,2701,19075,4562,
3379,6956,14342,10837,16607,2913,18740,19939,1790,1259,17777,17626,4951,8626,18349,
266,7267,5732,872,15314,16091,6439,9618,17931,16480,15799,14694,7246,14852,13770,
11809,18232,726,2503,5421,13686,1768,513,13625,3558,1773,7755,1184,3076,16381,15886,
3342,1,1618,566,15315,14061,3357,1285,8344,19837,13436,19391,3436,8289,13161,15245,
2873,10239,14100,8294,3925,15868,8807,17551,15779,6932,5306,13315,10008,18039,5553,
9702,14392,3523,10268,6060,17585,13626,3697,2281,9815,17134,1672,9603,5423,14833,1200,
8296,1425,15300,12942,1702,7521,18101,15605,3300,1386,17263,12967,7746,11655,18521,
17449,6047,2044,4069,8459,19629,14047,12157,1911,215,5643,19935,9818,11066,14769,
11019,15714,12546,2671,5008,14248,10192,19461,9854,13492,847,3469,6460,8594,
15124,1333,2395,17524,3377,2816,5983,19359,16864,14492,17622,13431,135,17557,
3249,7553,8678,10620,19619,1224,13292,4627,11825,3484,4089,18031,13329,1288,
1500,16141,9882,16625,17474,12277,14149,17203,11446,16484,16562,8310,10977,
10536,18093,7464,8094,17694,15018,13124,8315,14637,10701,17959,15617,2526,17795,
16058,16909,11124,17346,14761,7265,3581,7738,1091,12210,1887,18295,3656,14724,
14857,11966,2053,1746,6411,9517,6192,4106,887,19316,8773,11877,10017,6732,7494,
8895,4527,3552,2156,12004,17250,16918,15621,831,4656,16713,13042,2896,15008,
16698,17620,6217,5017,16025,7963,11428,5542,14155,15534,6430,13472,4307,18307,
19841,7391,2153,5089,8271,2057,7245,275,19307,515,15896,16491,5172,12609,9533,
8068,3969,6231,2040,10187,7600,18065,18150,19029,19959,8658,10915,2741,18482,
11575,17400,18323,18966,15905,19764,7237,17962,7010,3864,13622,7525,19761,10113,
9049,8722,19646,13469,12692,2229,15509,19231,9830,9926,13733,5211,6238,2391,
16126,5331,873,7701,2732,15549,3020,18637,15313,10257,12952,18675,10474,6574,
2553,10235,16687,11602,15309,12685,5072,4353,11266,16933,3584,1096,3212,13670,2659,
9450,16061,18786,14781,13287,2839,13865,5188,5859,8855,16853,12469,18159,11881,
2943,4733,14434,9530,17772,2388,1191,6809,7460,5545,18075,746,5481,15524,3958,
19151,18183,9760,15213,13321,893,4852,12513,11111,6392,14724,19966,3245,3545,
14477,15126,2840,19210,5912,12370,13334,8301,9914,143,12113,15459,14570,9211,
940,10094,9521,92,4630,19281,11657,14303,16527,12861,6816,7638,19253,1541,3956,
18850,5086,18433,10329,7927,13995,16241,16649,3681,894,6563,176,13008,18374,
14746,18571,15667,1193,8093,15759,5823,3726,3768,126,253,12981,3295,4243,12234,
4836,4551,7436,6274,19336,17765,10553,13331,14007,3555,17012,11253,6470,17188,
4261,4845,8287,19185,512,9480,7278,12623,15303,11004,12743,11781,7610,5724,15076,
11853,17958,16264,12757,5394,2539,12093,19512,9444,5425,13519,9351,18789,1124,
15822,12330,5386,17019,617,923,17531,10097,8201,6506,1752,19205,19249,13533,
3167,4973,4962,11373,19283,1226,4130,1029,117,16223,541,5914,1648,10412,15265,
16790,11537,11087,9120,13275,8106,9737,14198,1989,19834,18751,8495,17938,14308,
4096,7823,17476,9069,12785,8849,4704,10364,12979,5734,6833,9202,2627,12747,7203,
9392,4365,3993,929,15452,13113,10556,19911,19202,1106,1900,15388,19857,6748,13326,
14165,10844,17501,11641,16266,10287,16842,17322,17003,9821,3056,188,15376,2036,12936,
2579,11428,17301,2924,8709,9105,16037,19265,9016,15239,371,7269,6979,228,10369,305,
14393,17565,17806,2387,13831,4445,19229,11154,17800,5403,10562,17989,779,8950,7277,
19710,378,930,2634,9087,10035,15023,8352,15404,6614,5075,19025,13593,5303,5746,13898,
16049,3311,8056,14788,13495,12502,10369,1001,6654,15772,7915,4643,12903,16866,8272,
12613,17244,9202,15247,2684,15590,10270,11036,7346,16884,12464,6371,10477,14119,8469,
727,10168,11780,8784,1308,1627,17638,11678,2628,4292,3802,10544,5288,16706,3762,13560,
5671,1006,19115,919,42,14705,7541,7431,2051,778,19895,4774,11255,14014,13243,8335,535,
1375,17119,1843,3003,11109,9873,5631,11753,10028,12527,17041,6734,16289,6954,12405,
13648,6069,9676,10042,774,13570,17473,19177,14348,17368,3951,1955,11383,13546,10290,
8270,11273,3761,10113,14276,14870,16339,16260,6624,6367,5139,17,9453,17781,6971,18210,
7781,9392,4239,17823,10166,17809,15297,5695,12157,12665,5998,14112,400,19544,4403,8670,
10818,8164,15136,1446,19387,11475,17706,2363,14194,19198,2380,3647,16979,5704,18209,
4760,15096,2448,2583,1615,257,17880,7310,8766,6898,9661,2879,7298,9205,7282,15969,16375,
11798,11105,14174,7537,18932,11880,9900,13126,11078,8633,13125,4409,10689,7686,9169,2137,
10135,8105,104,6744,2337,3767,15511,9235,13428,18390,12886,18985,2024,8855,15361,10174,
16312,5887,17712,11596,17767,3964,4722,5198,12597,14199,5959,3286,1885,15129,1776,8372,
19586,1880,11469,1923,5647,6980,11159,19075,1722,4045,18061,98,9252,9774,10272,1916,
15661,4336,13512,9780,8301,14586,11330,898,8785,17290,537,7022,8771,2313,11747,8357,545,
3216,10280,6193,6548,17791,5268,8270,18188,19681,4720,7440,9455,11344,5708,1468,15681,
19220,11249,3982,10158,2579,1232,18943,16221,18121,2318,4992,16786,14065,13349,17332,
13633,19982,3525,181,17773,5145,8451,15962,4827,9523,19754,10634,867,5463,12103,16548,
1035,19704,16882,11194,18635,14467,6489,14857,12588,5159,19849,5727,19224,9551,3059,12857,
9533,2936,13038,7306,8081,17841,19620,9260,3716,19375,19895,4584,1190,11998,1132,18577,8054,
14367,6123,6689,8834,8965,1546,1422,14124,17748,7149,13349,7299,6560,2558,16832,9496,11949,490,
13930,6142,111,3190,9859,15838,3085,14443,13380,11435,11927,11957,19489,6294,18081,6179,15128,
7046,4077,12903,17522,1825,16404,7223,9124,19317,9782,5956,8813,18083,6447,2743,4225,2910,2286,
10436,18748,5371,1231,12128,13159,13159,437,12648,15805,14870,15179,7286,18268,19257,16541,15791,
1082,9297,3014,6559,8614,9148,8867,13780,7231,15314,12875,7809,14576,15161,18245,13324,16885,
19477,1804,10044,8988,2242,19044,1145,17112,14224,8431,15381,9833,4972,11172,7267,
10622,10538,13826,19236,19687,2694,13016,6918,14360,2244,11079,8937,17405,9325,18613,
14290,5154,418,686,10494,19012,19731,11639,12476,10307,16423,7857,140,1395,15381,
7407,8369,2272,17586,7606,1959,280,16974,5229,14640,19218,16309,19929,12976,5634,
18543,3618,7140,15313,4305,13986,10677,4036,5625,3153,14343,2048,7363,10835,19796,
2744,18242,8165,5016,15828,12123,3327,12460,9098,8557,3453,4668,4866,3382,17644,
6852,18277,1263,10344,9942,1920,4330,619,5956,6307,125,16651,8356,7488,7486,4504,
6584,2080,9021,7953,14261,1145,11280,6721,6595,19837,10174,11263,1055,9909,5260,
7907,8186,2875,18251,14481,4795,18933,11452,10751,5241,11577,3754,9949,19065,11240,
14453,5650,13320,3474,13603,7581,4619,4883,10655,7566,1073,829,18830,2128,7090,442,
6388,15277,3317,991,6110,4464,19925,17562,11567,5166,9140,15321,15115,8205,6561,5920,
10207,19881,9394,3810,3815,10366,5046,14470,17932,2471,11651,13114,951,18742,9908,7339,
10371,9577,8331,12833,14041,4608,10395,5608,6126,19535,929,1241,4093,7490,3513,14300,3724,
12907,14463,3891,19625,15861,14713,13910,14684,6364,3376,15635,1458,13285,19327,8181,19214,
4010,1014,13256,8618,11410,18864,11096,7297,19794,12337,7742,3636,12202,18395,3712,1461,
12858,7603,1087,5071,2316,11349,16107,5033,11077,11742,2843,714,7421,11025,19929,11431,
8391,13185,16401,16153,8401,7497,3451,4547,16186,11193,4536,8388,9588,8248,9850,18798,12204,
7289,221,10872,14990,16328,15905,6067,4423,15101,3134,8196,6126,3063,15980,14517,12600,
12381,10671,1001,16231,10474,1901,12417,18019,6437,17158,3960,14685,3360,19110,6889,
7001,19332,14114,1991,12012,10019,4410,12787,5120,7544,984,7598,6959,16964,18468,19559,
5697,5491,16913,1928,15965,18814,10698,10336,5251,7856,14296,16288,7568,13407,19530,
14569,12739,13644,12912,1103,15,13674,13891,5136,17571,11227,9086,4530,8191,7554,442,
13888,13045,17355,12169,5362,12521,2867,15699,17772,7075,9995,10412,14643,3402,9942,
5564,12493,19938,14828,9949,19954,8502,3840,1442,6073,15067,6880,6956,19610,14435,
7398,13498,3832,4753,5667,5547,17274,4886,1246,11398,11961,7593,18162,2956,7348,
4457,4872,16193,4395,19700,6142,701,4555,6334,18495,6980,1401,5376,13936,1011,
16163,17686,10862,16347,2439,12881,1894,16065,17768,19492,3815,9729,7086,1978,
9038,10786,6435,13910,6979,7182,13611,9474,4236,14518,15808,2731,1498,13562,
8107,11787,14573,622,9473,1787,16970,8265,14669,18864,4330,8789,18357,4498,
14870,1795,2828,3908,8933,5615,17819,12264,12797,7782,1738,17033,2300,17547,
16117,150,11109,576,8289,2034,1199,17763,174,18169,6028,14843,13385,6710,
3632,8094,7560,14854,6241,10388,18763,15174,16003,16582,7439,5153,716,5529,
18538,19368,19428,14655,19518,10537,15232,7808,8924,12783,1923,9098,7304,
4303,293,689,7365,277,8784,14926,15131,15025,5314,13894,6552,17670,6828,
10343,2823,7544,15872,1361,3264,15301,12369,19135,2190,3953,3295,11114,
16736,5218,16564,4040,5873,16857,1081,13238,17134,6217,8164,12266,17595,
9831,2512,4147,7501,5693,14490,6676,9589,10362,8037,12854,2015,16758,11989,
4206,711,15284,15320,13799,16854,11885,14191,2727,5094,15273,15965,2229,17842,
482,10847,15437,10313,9711,15936,14166,15404,10426,842,4994,17141,5231,14200,
19156,1990,6189,3362,2701,17825,15035,12853,11031,3272,7044,10110,8366,18669,6075,
6947,16512,2909,14146,11949,9574,3858,7886,3740,15614,14664,4582,608,11805,
6166,14808,7314,8156,17349,7028,7209,11526,2063,62,2557,5335,3459,12667,
10054,2128,15095,17001,18640,18004,11148,10590,3931,15006,14828,7671,
6972,9492,8606,7581,17650,14772,18741,1316,19280,12443,8344,2841,3969,
6760,2904,2879,8447,6363,11898,18501,4843,3345,15503,3484,1350,3003,
14074,5281,14361,5254,9304,1333,14746,14262,5266,8748,9034,4008,10064,
4666,12803,14761,7508,13124,17873,6764,16003,6320,9479,4254,4822,14322,
7599,16677,17806,5301,16032,8232,6934,10393,13486,16239,11726,4585,
10501,16993,9685,15888,17353,16102,16906,10156,7215,4414,19632,5088,
7530,11988,11408,17009,16242,12582,7684,3841,5611,5490,9143,1643,
10075,16077,12036,19913,8668,115,850,15522,13460,6888,7762,10813,
2990,4668,17321,10205,5435,16953,11645,12965,8941,3053,6327,1535,
11988,10363,5377,17599,15853,10872,15595,2280,3301,3983,18546,
8322,4098,19396,3844,17558,6284,11606,4723,5626,12626,18396,
12183,14413,11702,3828,3731,16995,3234,10058,18531,15222,
421,260,9173,12626,11132,4768,11259,10785,8752,9805,19107,
9202,5553,2951,6761,8190,10909,7836,10168,19888,6233,2352,
14301,17935,2532,18032,14930,5766,4442,9813,17340,1215,
10073,2866,10194,1205,7634,17805,11991,12738,7610,7450,
1941,9515,6754,5054,17705,17663,9242,7874,13903,15475,
6578,8205,9762,5462,2589,1045,11229,3384,10858,4921,
4599,932,7787,11145,18489,11774,8950,10480,4512,12912,
14283,2805,2428,1037,4211,16485,15052,13454,711,8956,
5281,7289,13513,15044,9104,12454,16089,333,15838,
6947,1606,438,4231,9394,7935,2721,1168,16886,9553,
2032,9798,3836,4838,12226,4873,5401,5064,19926,18855,
5775,5234,4137,9417,18747,19181,18521,11201,11622